03076927
03076920
03076917
03076909
03076892
03076888
03076882
03076862
03076860
03076859
03076858
03076857
03076854
03076851
03076849
03076784
03076766
03076765
03076749
03076748
03076641
03076539
03076512
03076511
03076506
03076504
03076503
03076491
03076487
03076470
03079950
03079949
03079919
03079918
03079912
03079906
03079890
03079889
03079878
03079867
03079860
03079850
03079846
03079845
03079809
03079790
03079753
03079579
03079577
03079575
03079568
03079558
03079556
03079555
03079553
03079547
03079544
03079519
03079516
03079515
03079514
03079507
03079505
03079498
03079488
03079487
03079485
03079481
